271: (0,0) (-1,0) (-1,1) (0,-1) (-2,1) (-1,-1) (-1,2) 
273: (0,0) (-1,0) (-1,1) (0,-1) (-2,1) (-1,-1) (-3,1) 
415: (0,0) (-1,0) (-1,1) (0,1) (1,-1) (-2,2) (-3,2) 
436: (0,0) (-1,0) (-1,1) (0,1) (1,-1) (2,-2) (2,-1) 
438: (0,0) (-1,0) (-1,1) (0,1) (1,-1) (2,-2) (3,-3) 
440: (0,0) (-1,0) (-1,1) (0,1) (1,-1) (2,-1) (2,0) 
468: (0,0) (-1,0) (-1,1) (0,1) (1,0) (-2,2) (0,2) 
470: (0,0) (-1,0) (-1,1) (0,1) (1,0) (-2,2) (2,-1) 
578: (0,0) (-1,0) (-1,1) (0,1) (-2,2) (0,2) (-3,2) 
604: (0,0) (-1,0) (-1,1) (0,1) (1,1) (1,2) (2,0) 
640: (0,0) (-1,0) (-1,1) (1,-1) (1,0) (-1,-1) (-1,-2) 
644: (0,0) (-1,0) (-1,1) (1,-1) (1,0) (-2,2) (2,-2) 
794: (0,0) (-1,0) (-1,1) (1,-1) (-1,-1) (1,-2) (-1,-2) 
817: (0,0) (-1,0) (-1,1) (1,-1) (-1,-1) (0,-2) (1,-3) 
823: (0,0) (-1,0) (-1,1) (1,-1) (-2,2) (-1,2) (-1,3) 
842: (0,0) (-1,0) (-1,1) (1,-1) (-2,2) (2,-1) (-2,3) 
878: (0,0) (-1,0) (-1,1) (1,-1) (-1,2) (0,2) (1,1) 
991: (0,0) (-1,0) (-1,1) (1,0) (-2,1) (1,1) (2,1) 
1000: (0,0) (-1,0) (-1,1) (1,0) (-2,1) (2,0) (2,1) 
1028: (0,0) (-1,0) (-1,1) (1,0) (-1,-1) (1,1) (0,-2) 
1058: (0,0) (-1,0) (-1,1) (1,0) (-2,2) (-1,2) (-1,3) 
1060: (0,0) (-1,0) (-1,1) (1,0) (-2,2) (1,1) (2,-1) 
1061: (0,0) (-1,0) (-1,1) (1,0) (-2,2) (1,1) (2,0) 
1066: (0,0) (-1,0) (-1,1) (1,0) (-2,2) (1,1) (1,2) 
1090: (0,0) (-1,0) (-1,1) (1,0) (-1,2) (1,1) (1,2) 
1101: (0,0) (-1,0) (-1,1) (1,0) (-1,2) (2,0) (0,2) 
1123: (0,0) (-1,0) (-1,1) (1,0) (1,1) (0,2) (0,3) 
1126: (0,0) (-1,0) (-1,1) (1,0) (1,1) (2,1) (3,0) 
1238: (0,0) (-1,0) (-1,1) (-2,1) (-1,-1) (-1,-2) (0,-2) 
1242: (0,0) (-1,0) (-1,1) (-2,1) (-1,-1) (0,-2) (1,-2) 
1251: (0,0) (-1,0) (-1,1) (-2,1) (-1,2) (-2,3) (-1,3) 
1252: (0,0) (-1,0) (-1,1) (-2,1) (-1,2) (-2,3) (0,2) 
1253: (0,0) (-1,0) (-1,1) (-2,1) (-1,2) (-2,3) (-3,3) 
1274: (0,0) (-1,0) (-1,1) (-1,-1) (-2,2) (-1,-2) (0,-2) 
1284: (0,0) (-1,0) (-1,1) (-1,-1) (-2,2) (0,-2) (1,-2) 
1291: (0,0) (-1,0) (-1,1) (-1,-1) (-1,2) (-2,-1) (-2,3) 
1295: (0,0) (-1,0) (-1,1) (-1,-1) (-1,2) (-1,-2) (0,-2) 
1305: (0,0) (-1,0) (-1,1) (-1,-1) (-1,2) (0,-2) (1,-2) 
1320: (0,0) (-1,0) (-1,1) (-1,-1) (-2,-1) (-3,0) (-3,1) 
1326: (0,0) (-1,0) (-1,1) (-1,-1) (0,-2) (1,-2) (2,-3) 
1341: (0,0) (-1,0) (-1,1) (-2,2) (-2,3) (-1,3) (0,2) 
1364: (0,0) (-1,0) (0,-1) (0,1) (1,-1) (0,2) (0,3) 
1415: (0,0) (-1,0) (0,-1) (0,1) (-2,1) (0,-2) (-1,2) 
1442: (0,0) (-1,0) (0,-1) (0,1) (-2,1) (0,2) (-2,2) 
1467: (0,0) (-1,0) (0,-1) (0,1) (0,-2) (-1,2) (0,2) 
1468: (0,0) (-1,0) (0,-1) (0,1) (0,-2) (-1,2) (1,1) 
1472: (0,0) (-1,0) (0,-1) (0,1) (0,-2) (-1,2) (-2,2) 
1484: (0,0) (-1,0) (0,-1) (0,1) (0,-2) (1,1) (1,-3) 
1493: (0,0) (-1,0) (0,-1) (0,1) (1,-2) (-1,2) (0,2) 
1494: (0,0) (-1,0) (0,-1) (0,1) (1,-2) (-1,2) (1,1) 
1498: (0,0) (-1,0) (0,-1) (0,1) (1,-2) (-1,2) (-2,2) 
1545: (0,0) (-1,0) (0,-1) (0,1) (1,1) (2,0) (2,-1) 
1663: (0,0) (-1,0) (0,-1) (1,0) (-2,1) (-3,2) (-3,3) 
1666: (0,0) (-1,0) (0,-1) (1,0) (-2,1) (-2,2) (-1,2) 
1668: (0,0) (-1,0) (0,-1) (1,0) (-1,-1) (1,1) (2,1) 
1669: (0,0) (-1,0) (0,-1) (1,0) (-1,-1) (2,0) (2,1) 
1683: (0,0) (-1,0) (0,-1) (1,0) (0,-2) (2,-1) (2,-2) 
1704: (0,0) (-1,0) (0,-1) (1,0) (1,-2) (2,-1) (2,-3) 
1719: (0,0) (-1,0) (0,-1) (1,0) (1,-2) (2,-2) (3,-2) 
1778: (0,0) (-1,0) (0,-1) (-2,0) (1,-2) (2,-3) (2,-2) 
1780: (0,0) (-1,0) (0,-1) (-2,0) (1,-2) (2,-2) (2,-1) 
1786: (0,0) (-1,0) (0,-1) (-2,0) (-3,1) (-3,2) (-2,2) 
1811: (0,0) (-1,0) (0,-1) (-2,1) (0,-2) (-1,-2) (-2,-1) 
1815: (0,0) (-1,0) (0,-1) (-2,1) (1,-2) (-3,1) (1,-3) 
1833: (0,0) (-1,0) (0,-1) (-2,1) (1,-2) (2,-3) (2,-2) 
1835: (0,0) (-1,0) (0,-1) (-2,1) (1,-2) (2,-2) (2,-1) 
1858: (0,0) (-1,0) (0,-1) (1,-2) (1,-3) (0,-3) (-1,-2) 
1863: (0,0) (-1,0) (0,-1) (1,-2) (2,-2) (2,-1) (3,-1) 
2024: (0,0) (-1,0) (0,1) (1,-1) (-1,-1) (1,-2) (-1,-2) 
2034: (0,0) (-1,0) (0,1) (1,-1) (-1,-1) (2,-1) (-2,-1) 
2044: (0,0) (-1,0) (0,1) (1,-1) (-1,-1) (0,-2) (1,-3) 
2115: (0,0) (-1,0) (0,1) (1,-1) (1,1) (2,-2) (2,0) 
2124: (0,0) (-1,0) (0,1) (1,-1) (1,1) (2,-1) (3,-1) 
2148: (0,0) (-1,0) (0,1) (1,-1) (2,-1) (2,0) (2,1) 
2192: (0,0) (-1,0) (0,1) (1,0) (-1,-1) (1,1) (-2,-1) 
2209: (0,0) (-1,0) (0,1) (-2,0) (-1,-1) (0,2) (1,2) 
2210: (0,0) (-1,0) (0,1) (-2,0) (-1,-1) (1,1) (1,2) 
2277: (0,0) (-1,0) (0,1) (-2,0) (1,1) (-3,0) (2,0) 
2286: (0,0) (-1,0) (0,1) (-2,0) (1,1) (-2,-1) (2,1) 
2299: (0,0) (-1,0) (0,1) (-2,0) (-3,1) (-3,2) (-2,2) 
2310: (0,0) (-1,0) (0,1) (-2,1) (-1,-1) (-1,2) (-2,3) 
2315: (0,0) (-1,0) (0,1) (-2,1) (-1,-1) (0,2) (-2,2) 
2321: (0,0) (-1,0) (0,1) (-2,1) (-1,-1) (0,2) (1,2) 
2328: (0,0) (-1,0) (0,1) (-2,1) (-1,-1) (1,1) (1,2) 
2337: (0,0) (-1,0) (0,1) (-2,1) (-1,-1) (-3,2) (0,-2) 
2364: (0,0) (-1,0) (0,1) (-2,1) (-1,2) (-2,3) (-3,3) 
2376: (0,0) (-1,0) (0,1) (-2,1) (0,2) (-2,2) (-1,3) 
2536: (0,0) (-1,0) (0,1) (1,1) (2,0) (2,-1) (3,-1) 
2560: (0,0) (-1,0) (1,-1) (1,0) (-2,0) (-2,-1) (-1,-2) 
2574: (0,0) (-1,0) (1,-1) (1,0) (-2,1) (-3,1) (-3,0) 
2577: (0,0) (-1,0) (1,-1) (1,0) (-1,-1) (1,-2) (-1,-2) 
2585: (0,0) (-1,0) (1,-1) (1,0) (-1,-1) (0,-2) (0,-3) 
2683: (0,0) (-1,0) (1,-1) (-2,1) (-1,-1) (1,-2) (-1,-2) 
2709: (0,0) (-1,0) (1,-1) (-2,1) (-1,-1) (-2,2) (-1,-2) 
2716: (0,0) (-1,0) (1,-1) (-2,1) (-1,-1) (0,-2) (1,-3) 
2737: (0,0) (-1,0) (1,-1) (-2,1) (1,-2) (-3,2) (-2,2) 
2781: (0,0) (-1,0) (1,-1) (-2,1) (2,-1) (-3,1) (-3,2) 
2782: (0,0) (-1,0) (1,-1) (-2,1) (2,-1) (-3,1) (-2,2) 
2812: (0,0) (-1,0) (1,-1) (-1,-1) (1,-2) (2,-1) (-1,-2) 
2818: (0,0) (-1,0) (1,-1) (-1,-1) (1,-2) (-1,-2) (0,-3) 
2848: (0,0) (-1,0) (1,-1) (-1,-1) (0,-2) (1,-3) (2,-3) 
2910: (0,0) (-1,0) (1,0) (-2,0) (2,0) (-2,-1) (-1,-2) 
2928: (0,0) (-1,0) (1,0) (-2,1) (-1,-1) (-3,2) (0,-2) 
2930: (0,0) (-1,0) (1,0) (-2,1) (-1,-1) (-2,2) (-1,-2) 
2934: (0,0) (-1,0) (1,0) (-2,1) (-1,-1) (-2,2) (-1,2) 
2952: (0,0) (-1,0) (1,0) (-2,1) (2,-1) (-3,1) (-3,2) 
2953: (0,0) (-1,0) (1,0) (-2,1) (2,-1) (-3,1) (-2,2) 
2969: (0,0) (-1,0) (1,0) (-2,1) (2,0) (-3,1) (-3,0) 
2977: (0,0) (-1,0) (1,0) (-2,1) (-2,2) (-3,3) (-1,2) 
2998: (0,0) (-1,0) (1,0) (-1,-1) (2,-1) (-2,-1) (3,-2) 
3002: (0,0) (-1,0) (1,0) (-1,-1) (2,-1) (-1,-2) (3,-1) 
3013: (0,0) (-1,0) (1,0) (-1,-1) (2,0) (-1,-2) (3,-1) 
3053: (0,0) (-1,1) (0,-1) (0,1) (1,0) (0,-2) (0,-3) 
3083: (0,0) (-1,1) (0,-1) (1,-1) (1,0) (-2,2) (-3,3) 
3110: (0,0) (-1,1) (0,-1) (1,-1) (-1,2) (-2,3) (-3,3) 
3175: (0,0) (-1,1) (0,-1) (-2,2) (-1,2) (1,-2) (-1,3) 
3251: (0,0) (-1,1) (0,-1) (-1,2) (-1,-1) (-1,3) (0,2) 
3288: (0,0) (-1,1) (0,-1) (-1,2) (1,-2) (-2,3) (-1,3) 
3289: (0,0) (-1,1) (0,-1) (-1,2) (1,-2) (-2,3) (0,2) 
3422: (0,0) (-1,1) (1,-1) (-2,2) (2,-1) (3,-2) (3,-3) 
3464: (0,0) (-1,1) (1,0) (-2,1) (2,-1) (-3,1) (3,-1) 
3465: (0,0) (-1,1) (1,0) (-2,1) (2,-1) (-3,2) (3,-2) 
3467: (0,0) (-1,1) (1,0) (-2,1) (2,0) (-3,1) (3,-1) 
3471: (0,0) (-1,1) (1,0) (-2,2) (2,-1) (-3,2) (3,-2) 
3610: (0,0) (0,-1) (0,1) (1,-2) (0,2) (1,-3) (0,-3) 
3638: (0,0) (0,1) (1,-1) (-1,2) (1,-2) (-2,3) (2,-3) 
3639: (0,0) (0,1) (1,-1) (-1,2) (1,-2) (-1,3) (1,-3) 
3645: (0,0) (0,1) (1,-1) (0,2) (1,-2) (-1,3) (1,-3) 
